     baseline_omega intercept_alpha slope_beta decline_lambda
229E      0.0999229       -4.804030  -14.34120    0.005607740
NL63      0.2496910       -2.790290  -13.68000    0.002744680
OC43      0.0994985       -5.971400   -8.29052    0.004933850
CoV1      0.1298892       -5.024982  -10.91119    0.002111010
CoV2      0.1298892       -4.795377  -12.14602    0.007790120
MERS      0.1298892       -4.691845  -12.70282    0.006976080
7         0.1531199       -4.557122  -11.66374    0.004826209
8         0.2233220       -2.989131  -14.60772    0.003339522
9         0.1427777       -4.788119  -11.23003    0.005045229
10        0.1398905       -4.825335  -11.25054    0.005231922
11        0.1310577       -4.949274  -11.26468    0.004935633